/NumWaves	2
/NumPoints	449
/PPheights		1.000000e+00	6.517891e-01

/Matrix
-8.433488e-02	-2.672595e-02	
-1.100091e-01	-2.589015e-02	
-1.340685e-01	-2.432443e-02	
-1.566646e-01	-2.297441e-02	
-1.780740e-01	-2.184135e-02	
-1.984512e-01	-2.082171e-02	
-2.178664e-01	-1.985600e-02	
-2.363552e-01	-1.892145e-02	
-2.539422e-01	-1.801183e-02	
-2.706507e-01	-1.712673e-02	
-2.865044e-01	-1.626725e-02	
-3.015290e-01	-5.419478e-03	
-2.957205e-01	1.265134e-01	
-4.686636e-02	2.917693e-01	
2.900044e-01	2.716625e-01	
4.993903e-01	1.450691e-01	
5.835375e-01	5.265626e-02	
6.082839e-01	1.111179e-02	
6.093969e-01	-4.288059e-03	
6.033460e-01	-8.816653e-03	
5.953884e-01	-9.856892e-03	
5.872394e-01	-9.653746e-03	
5.796701e-01	-9.078920e-03	
5.726541e-01	-2.333184e-02	
5.365634e-01	-1.676586e-01	
2.408140e-01	-3.227969e-01	
-1.062076e-01	-2.804612e-01	
-3.180534e-01	-1.526442e-01	
-4.099097e-01	-6.458782e-02	
-4.458459e-01	-2.579282e-02	
-4.601917e-01	-1.116533e-02	
-4.669046e-01	-6.042574e-03	
-4.710198e-01	-4.284468e-03	
-4.742256e-01	-3.702846e-03	
-4.771847e-01	-3.463151e-03	
-4.799176e-01	1.915212e-02	
-4.376522e-01	1.752583e-01	
-1.280794e-01	3.184253e-01	
2.012051e-01	2.572619e-01	
3.891796e-01	1.324253e-01	
4.692068e-01	5.175606e-02	
4.960198e-01	1.562124e-02	
5.038366e-01	2.924972e-03	
5.052744e-01	-1.248914e-03	
5.047467e-01	-2.419919e-03	
5.038413e-01	-2.548677e-03	
5.030540e-01	-2.432918e-03	
5.023784e-01	-3.412012e-02	
4.382153e-01	-1.954318e-01	
1.147742e-01	-3.268016e-01	
-2.128440e-01	-2.530140e-01	
-3.894346e-01	-1.263253e-01	
-4.640662e-01	-5.083413e-02	
-4.898395e-01	-1.770149e-02	
-4.982629e-01	-6.180233e-03	
-5.010123e-01	-2.330248e-03	
-5.017418e-01	-1.119184e-03	
-5.020707e-01	-9.119320e-04	
-5.023864e-01	-9.012117e-04	
-5.026946e-01	4.199905e-02	
-4.172104e-01	2.107158e-01	
-7.989605e-02	3.245384e-01	
2.339796e-01	2.369175e-01	
3.967467e-01	1.129852e-01	
4.631178e-01	4.320835e-02	
4.864780e-01	1.353277e-02	
4.935497e-01	2.883497e-03	
4.956269e-01	-5.133901e-04	
4.959094e-01	-1.535624e-03	
4.959428e-01	-1.646973e-03	
4.960027e-01	-1.623510e-03	
4.960832e-01	-5.731657e-02	
3.847571e-01	-2.314335e-01	
3.635750e-02	-3.232034e-01	
-2.592793e-01	-2.259849e-01	
-4.138960e-01	-1.080405e-01	
-4.739859e-01	-4.110689e-02	
-4.948684e-01	-1.416953e-02	
-5.011297e-01	-4.624271e-03	
-5.029356e-01	-1.592435e-03	
-5.031373e-01	-7.037155e-04	
-5.031661e-01	-6.305487e-04	
-5.032216e-01	-5.510642e-04	
-5.030916e-01	6.632809e-02	
-3.693884e-01	2.468337e-01	
-7.951446e-03	3.202254e-01	
2.733347e-01	2.103961e-01	
4.157355e-01	9.675677e-02	
4.700581e-01	3.472728e-02	
4.885200e-01	1.041792e-02	
4.942647e-01	1.978131e-03	
4.958597e-01	-8.338736e-04	
4.959840e-01	-1.613729e-03	
4.960196e-01	-1.644912e-03	
4.960816e-01	-2.214801e-03	
4.949775e-01	-8.388559e-02	
3.316955e-01	-2.658738e-01	
-3.374627e-02	-3.170677e-01	
-3.002247e-01	-1.986845e-01	
-4.294895e-01	-9.060844e-02	
-4.801017e-01	-3.415681e-02	
-4.965752e-01	-1.137447e-02	
-5.016593e-01	-3.834266e-03	
-5.030636e-01	-1.316950e-03	
-5.031161e-01	-6.340313e-04	
-5.031548e-01	-6.404854e-04	
-5.032203e-01	1.180360e-03	
-4.996173e-01	9.798196e-02	
-3.060717e-01	2.756986e-01	
5.339282e-02	3.075337e-01	
3.114040e-01	1.867814e-01	
4.299347e-01	8.045911e-02	
4.755634e-01	2.848451e-02	
4.902458e-01	7.877833e-03	
4.946937e-01	1.157481e-03	
4.959452e-01	-1.062880e-03	
4.959551e-01	-1.670784e-03	
4.959909e-01	-1.644552e-03	
4.960534e-01	-5.262921e-03	
4.888526e-01	-1.175307e-01	
2.643635e-01	-2.922989e-01	
-9.287041e-02	-3.009958e-01	
-3.355436e-01	-1.763470e-01	
-4.440168e-01	-7.521296e-02	
-4.846618e-01	-2.769727e-02	
-4.981936e-01	-9.329178e-03	
-5.021324e-01	-3.083187e-03	
-5.031809e-01	-1.122599e-03	
-5.032008e-01	-6.212418e-04	
-5.032466e-01	-6.475364e-04	
-5.033192e-01	6.474956e-03	
-4.891202e-01	1.331588e-01	
-2.357937e-01	3.019007e-01	
1.164495e-01	2.870522e-01	
3.408583e-01	1.617258e-01	
4.429453e-01	6.768250e-02	
4.794933e-01	2.261741e-02	
4.915310e-01	6.066993e-03	
4.950047e-01	4.730696e-04	
4.958622e-01	-1.256399e-03	
4.958790e-01	-1.663621e-03	
4.959221e-01	-1.636892e-03	
4.959924e-01	-1.387650e-02	
4.715564e-01	-1.501046e-01	
1.991165e-01	-3.137201e-01	
-1.531533e-01	-2.819500e-01	
-3.628322e-01	-1.521270e-01	
-4.559199e-01	-6.360039e-02	
-4.887517e-01	-2.231870e-02	
-4.993486e-01	-7.479814e-03	
-5.025260e-01	-2.525656e-03	
-5.032217e-01	-9.459746e-04	
-5.032413e-01	-6.209288e-04	
-5.032869e-01	-6.472832e-04	
-5.033593e-01	1.846594e-02	
-4.651786e-01	1.663880e-01	
-1.693224e-01	3.184340e-01	
1.736047e-01	2.677808e-01	
3.689133e-01	1.379791e-01	
4.526691e-01	5.544963e-02	
4.831040e-01	1.824784e-02	
4.925236e-01	4.423877e-03	
4.953314e-01	-1.047685e-05	
4.958885e-01	-1.401669e-03	
4.959152e-01	-1.653707e-03	
4.959683e-01	-1.626989e-03	
4.960485e-01	-2.942083e-02	
4.405141e-01	-1.873150e-01	
1.246832e-01	-3.225481e-01	
-2.020163e-01	-2.575241e-01	
-3.885221e-01	-1.320205e-01	
-4.646269e-01	-5.232046e-02	
-4.919009e-01	-1.841630e-02	
-5.002577e-01	-5.992983e-03	
-5.027036e-01	-2.036329e-03	
-5.031525e-01	-8.239510e-04	
-5.031747e-01	-6.237145e-04	
-5.032232e-01	-6.505425e-04	
-5.032991e-01	3.537288e-02	
-4.313009e-01	2.036085e-01	
-9.474618e-02	3.244900e-01	
2.197594e-01	2.422691e-01	
3.925683e-01	1.193510e-01	
4.616199e-01	4.495435e-02	
4.857883e-01	1.424097e-02	
4.934666e-01	3.229370e-03	
4.956288e-01	-4.410619e-04	
4.959710e-01	-1.507276e-03	
4.960015e-01	-1.650018e-03	
4.960583e-01	-1.623527e-03	
4.961419e-01	-4.946508e-02	
4.005158e-01	-2.242115e-01	
5.089505e-02	-3.266122e-01	
-2.503060e-01	-2.303226e-01	
-4.080139e-01	-1.118112e-01	
-4.725412e-01	-4.369351e-02	
-4.941563e-01	-1.480836e-02	
-5.009611e-01	-4.944818e-03	
-5.028642e-01	-1.660821e-03	
-5.031053e-01	-7.246423e-04	
-5.031366e-01	-6.330848e-04	
-5.031946e-01	-6.219938e-04	
-5.032038e-01	6.056922e-02	
-3.808794e-01	2.362847e-01	
-2.918714e-02	3.218408e-01	
2.650276e-01	2.183696e-01	
4.104285e-01	1.002878e-01	
4.688012e-01	3.717906e-02	
4.881138e-01	1.095418e-02	
4.940795e-01	2.158297e-03	
4.958135e-01	-7.509570e-04	
4.959645e-01	-1.603128e-03	
4.959945e-01	-1.650532e-03	
4.960508e-01	-1.859628e-03	
4.956627e-01	-7.763409e-02	
3.441692e-01	-2.559494e-01	
-1.318466e-02	-3.194865e-01	
-2.925429e-01	-2.073742e-01	
-4.262903e-01	-9.362379e-02	
-4.784436e-01	-3.560742e-02	
-4.962736e-01	-1.215525e-02	
-5.015620e-01	-4.001282e-03	
-5.030958e-01	-1.396695e-03	
-5.031784e-01	-6.496384e-04	
-5.032183e-01	-6.415178e-04	
-5.032848e-01	3.159553e-04	
-5.014098e-01	9.131052e-02	
-3.194830e-01	2.699281e-01	
4.002962e-02	3.088058e-01	
3.005072e-01	1.919650e-01	
4.269145e-01	8.510814e-02	
4.739580e-01	2.980095e-02	
4.898549e-01	8.597679e-03	
4.945272e-01	1.309523e-03	
4.958581e-01	-1.016739e-03	
4.958807e-01	-1.664309e-03	
4.959165e-01	-1.644306e-03	
4.959793e-01	-4.262688e-03	
4.907785e-01	-1.070787e-01	
2.851977e-01	-2.869430e-01	
-8.018661e-02	-3.064558e-01	
-3.256013e-01	-1.813950e-01	
-4.414069e-01	-7.975362e-02	
-4.837951e-01	-2.881577e-02	
-4.978188e-01	-9.746408e-03	
-5.020993e-01	-3.292570e-03	
-5.032247e-01	-1.158462e-03	
-5.032395e-01	-6.160134e-04	
-5.032801e-01	-6.421647e-04	
-5.033473e-01	4.896358e-03	
-4.923110e-01	1.223447e-01	
-2.574570e-01	2.974273e-01	
1.042640e-01	2.947908e-01	
3.346454e-01	1.659907e-01	
4.392758e-01	7.037819e-02	
4.786636e-01	2.426328e-02	
4.911514e-01	6.447810e-03	
4.949358e-01	6.660711e-04	
4.958685e-01	-1.217335e-03	
4.958882e-01	-1.660741e-03	
4.959342e-01	-1.634148e-03	
4.960071e-01	-1.162208e-02	
4.760774e-01	-1.427418e-01	
2.138669e-01	-3.072667e-01	
-1.356929e-01	-2.864772e-01	
-3.570978e-01	-1.591931e-01	
-4.525791e-01	-6.608438e-02	
-4.879778e-01	-2.385652e-02	
-4.990818e-01	-7.796788e-03	
-5.023856e-01	-2.635335e-03	
-5.031739e-01	-9.905224e-04	
-5.031898e-01	-6.173499e-04	
-5.032318e-01	-6.438573e-04	
-5.033008e-01	1.412972e-02	
-4.737959e-01	1.589461e-01	
-1.841669e-01	3.145404e-01	
1.571676e-01	2.726344e-01	
3.637396e-01	1.452306e-01	
4.507235e-01	5.757154e-02	
4.821699e-01	1.915349e-02	
4.923872e-01	4.880480e-03	
4.953102e-01	8.902678e-05	
4.959511e-01	-1.360492e-03	
4.959765e-01	-1.655265e-03	
4.960279e-01	-1.628828e-03	
4.961062e-01	-2.399742e-02	
4.514206e-01	-1.798603e-01	
1.396744e-01	-3.227742e-01	
-1.915288e-01	-2.613737e-01	
-3.812066e-01	-1.363405e-01	
-4.627631e-01	-5.550959e-02	
-4.909596e-01	-1.923565e-02	
-5.000306e-01	-6.414610e-03	
-5.026051e-01	-2.126799e-03	
-5.031061e-01	-8.509734e-04	
-5.031301e-01	-6.257010e-04	
-5.031806e-01	-6.526460e-04	
-5.032586e-01	3.111557e-02	
-4.397729e-01	1.924811e-01	
-1.169794e-01	3.238650e-01	
2.099884e-01	2.500891e-01	
3.859534e-01	1.234386e-01	
4.600096e-01	4.800355e-02	
4.852682e-01	1.493193e-02	
4.932370e-01	3.469071e-03	
4.955876e-01	-3.276185e-04	
4.959683e-01	-1.491016e-03	
4.959928e-01	-1.655999e-03	
4.960436e-01	-1.629426e-03	
4.961214e-01	-4.454656e-02	
4.103381e-01	-2.132524e-01	
7.281444e-02	-3.269777e-01	
-2.411662e-01	-2.392733e-01	
-4.039757e-01	-1.152958e-01	
-4.703615e-01	-4.549989e-02	
-4.937261e-01	-1.581759e-02	
-5.007990e-01	-5.166205e-03	
-5.028765e-01	-1.768662e-03	
-5.031589e-01	-7.463387e-04	
-5.031923e-01	-6.350199e-04	
-5.032521e-01	-6.584975e-04	
-5.033327e-01	5.503455e-02	
-3.920066e-01	2.291515e-01	
-4.360702e-02	3.209214e-01	
2.520297e-01	2.237029e-01	
4.066464e-01	1.057585e-01	
4.667363e-01	3.882490e-02	
4.876188e-01	1.188756e-02	
4.938802e-01	2.342293e-03	
4.956861e-01	-6.895276e-04	
4.958878e-01	-1.578262e-03	
4.959167e-01	-1.651444e-03	
4.959721e-01	-1.730958e-03	
4.958420e-01	-6.861013e-02	
3.621389e-01	-2.491157e-01	
7.019235e-04	-3.225073e-01	
-2.805842e-01	-2.126781e-01	
-4.229850e-01	-9.903876e-02	
-4.773076e-01	-3.700928e-02	
-4.957695e-01	-1.269991e-02	
-5.015142e-01	-4.260123e-03	
-5.031093e-01	-1.448089e-03	
-5.032334e-01	-6.682338e-04	
-5.032691e-01	-6.370807e-04	
-5.033310e-01	-6.722162e-05	
-5.022271e-01	8.160356e-02	
-3.389450e-01	2.635919e-01	
2.649678e-02	3.147858e-01	
2.929752e-01	1.964025e-01	
4.222399e-01	8.832644e-02	
4.728522e-01	3.187483e-02	
4.893257e-01	9.092491e-03	
4.944098e-01	1.552259e-03	
4.958141e-01	-9.650129e-04	
4.958667e-01	-1.647917e-03	
4.959053e-01	-1.641507e-03	
4.959708e-01	-3.462382e-03	
4.923678e-01	-1.002640e-01	
2.988221e-01	-2.779807e-01	
-6.064235e-02	-3.098157e-01	
-3.186535e-01	-1.890634e-01	
-4.371842e-01	-8.274109e-02	
-4.828129e-01	-3.076652e-02	
-4.974954e-01	-1.015986e-02	
-5.019432e-01	-3.439429e-03	
-5.031947e-01	-1.219053e-03	
-5.032046e-01	-6.112240e-04	
-5.032404e-01	-6.374701e-04	
-5.033029e-01	2.980899e-03	
-4.961021e-01	1.152487e-01	
-2.716130e-01	2.900170e-01	
8.562092e-02	2.987138e-01	
3.282941e-01	1.740650e-01	
4.367673e-01	7.293095e-02	
4.774123e-01	2.541526e-02	
4.909441e-01	7.047185e-03	
4.948828e-01	8.012237e-04	
4.959314e-01	-1.159379e-03	
4.959513e-01	-1.660736e-03	
4.959972e-01	-1.634427e-03	
4.960698e-01	-8.756994e-03	
4.818707e-01	-1.354409e-01	
2.285441e-01	-3.041827e-01	
-1.236990e-01	-2.893341e-01	
-3.481078e-01	-1.640078e-01	
-4.501948e-01	-6.996451e-02	
-4.867428e-01	-2.489942e-02	
-4.987805e-01	-8.348971e-03	
-5.022542e-01	-2.755032e-03	
-5.031117e-01	-9.649909e-04	
-5.030073e-01	-4.877329e-04	
-5.029100e-01	-4.939499e-04	
-5.028178e-01	1.176902e-02	
-4.781944e-01	1.480090e-01	
-2.055677e-01	3.115958e-01	
1.468325e-01	2.797713e-01	
3.565898e-01	1.499094e-01	
4.497302e-01	6.136503e-02	
4.826049e-01	2.007690e-02	
4.932417e-01	5.235792e-03	
4.964577e-01	2.801612e-04	
4.971904e-01	-1.301588e-03	
4.972445e-01	-1.629950e-03	
4.973206e-01	-1.608592e-03	
4.974176e-01	-2.072883e-02	
4.592534e-01	-1.686438e-01	
1.634361e-01	-3.206441e-01	
-1.793832e-01	-2.699258e-01	
-3.745223e-01	-1.400743e-01	
-4.580703e-01	-5.751304e-02	
-4.882718e-01	-2.028844e-02	
-4.974374e-01	-6.444852e-03	
-4.999720e-01	-1.991533e-03	
-5.002366e-01	-5.813522e-04	
-4.999514e-01	-3.101684e-04	
-4.996730e-01	-3.175843e-04	
-4.994020e-01	2.749540e-02	
-4.434970e-01	1.853952e-01	
-1.273028e-01	3.206055e-01	
1.997224e-01	2.555454e-01	
3.865198e-01	1.300104e-01	
4.628883e-01	5.028226e-02	
4.903985e-01	1.634744e-02	
4.989581e-01	3.886188e-03	
5.015647e-01	-1.179251e-04	
5.021219e-01	-1.389104e-03	
5.021874e-01	-1.661093e-03	
5.022008e-01	-1.720563e-03	
5.021474e-01	-3.784688e-02	
4.299080e-01	-2.062134e-01	
9.296173e-02	-3.272607e-01	
-2.221177e-01	-2.452291e-01	
-3.956979e-01	-1.225101e-01	
-4.657233e-01	-4.832244e-02	
-4.910831e-01	-1.783585e-02	
-5.001915e-01	-7.074807e-03	
-5.040493e-01	-3.683267e-03	
-5.063831e-01	-2.927610e-03	
-5.087348e-01	-3.129930e-03	
-5.114785e-01	-3.538763e-03	
-5.146539e-01	4.388579e-02	
-4.225555e-01	2.182717e-01	
-7.675540e-02	3.204173e-01	
2.203992e-01	2.238470e-01	
3.737161e-01	1.049232e-01	
4.333625e-01	3.626408e-02	
4.494931e-01	6.741684e-03	
4.501303e-01	-3.831097e-03	
4.451167e-01	-6.650975e-03	
